1665 0.092 0.060 0.059 0.057 0.056 0.055 0.053 0.052 0.051 0.050 0.049
1666 0.092 0.060 0.059 0.057 0.056 0.055 0.053 0.052 0.051 0.050 0.049
1667 0.099 0.065 0.063 0.062 0.061 0.059 0.057 0.056 0.055 0.054 0.052
1668 0.102 0.067 0.065 0.064 0.063 0.061 0.059 0.058 0.057 0.055 0.054
1669 0.095 0.062 0.061 0.059 0.058 0.057 0.055 0.054 0.053 0.052 0.050
1670 0.094 0.062 0.060 0.059 0.058 0.056 0.055 0.053 0.052 0.051 0.050
1671 0.095 0.062 0.061 0.059 0.058 0.057 0.055 0.054 0.053 0.052 0.050
1672 0.094 0.062 0.060 0.059 0.058 0.056 0.055 0.053 0.052 0.051 0.050
1673 0.090 0.059 0.057 0.056 0.055 0.054 0.052 0.051 0.050 0.049 0.048
1674 0.097 0.064 0.062 0.060 0.060 0.058 0.056 0.055 0.054 0.053 0.051
1675 0.084 0.055 0.054 0.052 0.052 0.050 0.049 0.047 0.047 0.046 0.044
1676 0.085 0.056 0.054 0.053 0.052 0.051 0.049 0.048 0.047 0.046 0.045
1677 0.086 0.056 0.055 0.054 0.053 0.052 0.050 0.049 0.048 0.047 0.046
1678 0.084 0.055 0.054 0.052 0.052 0.050 0.049 0.047 0.047 0.046 0.044
1679 0.083 0.054 0.053 0.052 0.051 0.050 0.048 0.047 0.046 0.045 0.044
1680 0.095 0.062 0.061 0.059 0.058 0.057 0.055 0.054 0.053 0.052 0.050
1681 0.098 0.064 0.062 0.061 0.060 0.059 0.057 0.055 0.054 0.053 0.052
1682 0.080 0.052 0.051 0.050 0.049 0.048 0.046 0.045 0.044 0.043 0.042
1683 0.080 0.052 0.051 0.050 0.049 0.048 0.046 0.045 0.044 0.043 0.042
1684 0.080 0.052 0.051 0.050 0.049 0.048 0.046 0.045 0.044 0.043 0.042
1685 0.086 0.056 0.055 0.054 0.053 0.052 0.050 0.049 0.048 0.047 0.046
1686 0.081 0.053 0.052 0.050 0.050 0.049 0.047 0.046 0.045 0.044 0.043
1687 0.081 0.053 0.052 0.050 0.050 0.049 0.047 0.046 0.045 0.044 0.043
1688 0.074 0.049 0.047 0.046 0.045 0.044 0.043 0.042 0.041 0.040 0.039
1689 0.075 0.049 0.048 0.047 0.046 0.045 0.044 0.042 0.042 0.041 0.040
1690 0.077 0.051 0.049 0.048 0.047 0.046 0.045 0.043 0.043 0.042 0.041
1691 0.081 0.053 0.052 0.050 0.050 0.049 0.047 0.046 0.045 0.044 0.043
1692 0.076 0.050 0.048 0.047 0.047 0.046 0.044 0.043 0.042 0.041 0.040
1693 0.072 0.047 0.046 0.045 0.044 0.043 0.042 0.041 0.040 0.039 0.038
1694 0.076 0.050 0.048 0.047 0.047 0.046 0.044 0.043 0.042 0.041 0.040
1695 0.070 0.046 0.045 0.044 0.043 0.042 0.041 0.040 0.039 0.038 0.037
1696 0.082 0.054 0.052 0.051 0.050 0.049 0.048 0.046 0.046 0.045 0.043
1697 0.081 0.053 0.052 0.050 0.050 0.049 0.047 0.046 0.045 0.044 0.043
1698 0.076 0.050 0.048 0.047 0.047 0.046 0.044 0.043 0.042 0.041 0.040
1699 0.083 0.054 0.053 0.052 0.051 0.050 0.048 0.047 0.046 0.045 0.044
1700 0.081 0.053 0.052 0.050 0.050 0.049 0.047 0.046 0.045 0.044 0.043
1701 0.085 0.056 0.054 0.053 0.052 0.051 0.049 0.048 0.047 0.046 0.045
1702 0.078 0.051 0.050 0.049 0.048 0.047 0.045 0.044 0.043 0.042 0.041
1703 0.077 0.051 0.049 0.048 0.047 0.046 0.045 0.043 0.043 0.042 0.041
1704 0.088 0.058 0.056 0.055 0.054 0.053 0.051 0.050 0.049 0.048 0.047
1705 0.079 0.052 0.050 0.049 0.048 0.047 0.046 0.045 0.044 0.043 0.042
1706 0.085 0.056 0.054 0.053 0.052 0.051 0.049 0.048 0.047 0.046 0.045
1707 0.081 0.053 0.052 0.050 0.050 0.049 0.047 0.046 0.045 0.044 0.043
1708 0.064 0.042 0.041 0.040 0.039 0.038 0.037 0.036 0.036 0.035 0.034
1709 0.077 0.051 0.049 0.048 0.047 0.046 0.045 0.043 0.043 0.042 0.041
1710 0.069 0.045 0.044 0.043 0.042 0.041 0.040 0.039 0.038 0.038 0.037
1711 0.068 0.045 0.043 0.042 0.042 0.041 0.039 0.038 0.038 0.037 0.036
1712 0.065 0.043 0.041 0.040 0.040 0.039 0.038 0.037 0.036 0.035 0.034
1713 0.069 0.045 0.044 0.043 0.042 0.041 0.040 0.039 0.038 0.038 0.037
1714 0.063 0.041 0.040 0.039 0.039 0.038 0.037 0.036 0.035 0.034 0.033
1715 0.071 0.047 0.045 0.044 0.044 0.043 0.041 0.040 0.039 0.039 0.038
1716 0.067 0.044 0.043 0.042 0.041 0.040 0.039 0.038 0.037 0.036 0.035
1717 0.071 0.047 0.045 0.044 0.044 0.043 0.041 0.040 0.039 0.039 0.038
1718 0.067 0.044 0.043 0.042 0.041 0.040 0.039 0.038 0.037 0.036 0.035
1719 0.071 0.047 0.045 0.044 0.044 0.043 0.041 0.040 0.039 0.039 0.038
1720 0.066 0.043 0.042 0.041 0.040 0.040 0.038 0.037 0.037 0.036 0.035
1721 0.062 0.041 0.040 0.039 0.038 0.037 0.036 0.035 0.034 0.034 0.033
1722 0.065 0.043 0.041 0.040 0.040 0.039 0.038 0.037 0.036 0.035 0.034
1723 0.066 0.043 0.042 0.041 0.040 0.040 0.038 0.037 0.037 0.036 0.035
1724 0.068 0.045 0.043 0.042 0.042 0.041 0.039 0.038 0.038 0.037 0.036
1725 0.078 0.051 0.050 0.049 0.048 0.047 0.045 0.044 0.043 0.042 0.041
1726 0.072 0.047 0.046 0.045 0.044 0.043 0.042 0.041 0.040 0.039 0.038
1727 0.075 0.049 0.048 0.047 0.046 0.045 0.044 0.042 0.042 0.041 0.040
1728 0.070 0.046 0.045 0.044 0.043 0.042 0.041 0.040 0.039 0.038 0.037
1729 0.069 0.045 0.044 0.043 0.042 0.041 0.040 0.039 0.038 0.038 0.037
1730 0.069 0.045 0.044 0.043 0.042 0.041 0.040 0.039 0.038 0.038 0.037
1731 0.062 0.041 0.040 0.039 0.038 0.037 0.036 0.035 0.034 0.034 0.033
1732 0.057 0.037 0.036 0.036 0.035 0.034 0.033 0.032 0.032 0.031 0.030
1733 0.059 0.039 0.038 0.037 0.036 0.035 0.034 0.033 0.033 0.032 0.031
1734 0.057 0.037 0.036 0.036 0.035 0.034 0.033 0.032 0.032 0.031 0.030
1735 0.059 0.039 0.038 0.037 0.036 0.035 0.034 0.033 0.033 0.032 0.031
1736 0.056 0.037 0.036 0.035 0.034 0.034 0.033 0.032 0.031 0.030 0.030
1737 0.058 0.038 0.037 0.036 0.036 0.035 0.034 0.033 0.032 0.032 0.031
1738 0.061 0.040 0.039 0.038 0.037 0.037 0.035 0.034 0.034 0.033 0.032
1739 0.054 0.035 0.034 0.034 0.033 0.032 0.031 0.030 0.030 0.029 0.029
1740 0.057 0.037 0.036 0.036 0.035 0.034 0.033 0.032 0.032 0.031 0.030
1741 0.079 0.052 0.050 0.049 0.048 0.047 0.046 0.045 0.044 0.043 0.042
1742 0.070 0.046 0.045 0.044 0.043 0.042 0.041 0.040 0.039 0.038 0.037
1743 0.062 0.041 0.040 0.039 0.038 0.037 0.036 0.035 0.034 0.034 0.033
1744 0.057 0.037 0.036 0.036 0.035 0.034 0.033 0.032 0.032 0.031 0.030
1745 0.055 0.036 0.035 0.034 0.034 0.033 0.032 0.031 0.031 0.030 0.029
1746 0.056 0.037 0.036 0.035 0.034 0.034 0.033 0.032 0.031 0.030 0.030
1747 0.062 0.041 0.040 0.039 0.038 0.037 0.036 0.035 0.034 0.034 0.033
1748 0.071 0.047 0.045 0.044 0.044 0.043 0.041 0.040 0.039 0.039 0.038
1749 0.073 0.048 0.047 0.045 0.045 0.044 0.042 0.041 0.041 0.040 0.039
1750 0.073 0.048 0.047 0.045 0.045 0.044 0.042 0.041 0.041 0.040 0.039
1751 0.074 0.049 0.047 0.046 0.045 0.044 0.043 0.042 0.041 0.040 0.039
1752 0.075 0.049 0.048 0.047 0.046 0.045 0.044 0.042 0.042 0.041 0.040
1753 0.073 0.048 0.047 0.045 0.045 0.044 0.042 0.041 0.041 0.040 0.039
1754 0.070 0.046 0.045 0.044 0.043 0.042 0.041 0.040 0.039 0.038 0.037
1755 0.068 0.045 0.043 0.042 0.042 0.041 0.039 0.038 0.038 0.037 0.036
1756 0.067 0.044 0.043 0.042 0.041 0.040 0.039 0.038 0.037 0.036 0.035
1757 0.070 0.046 0.045 0.044 0.043 0.042 0.041 0.040 0.039 0.038 0.037
1758 0.075 0.049 0.048 0.047 0.046 0.045 0.044 0.042 0.042 0.041 0.040
1759 0.086 0.056 0.055 0.054 0.053 0.052 0.050 0.049 0.048 0.047 0.046
1760 0.083 0.054 0.053 0.052 0.051 0.050 0.048 0.047 0.046 0.045 0.044
1761 0.076 0.050 0.048 0.047 0.047 0.046 0.044 0.043 0.042 0.041 0.040
1762 0.082 0.054 0.052 0.051 0.050 0.049 0.048 0.046 0.046 0.045 0.043
1763 0.082 0.054 0.052 0.051 0.050 0.049 0.048 0.046 0.046 0.045 0.043
1764 0.076 0.050 0.048 0.047 0.047 0.046 0.044 0.043 0.042 0.041 0.040
1765 0.077 0.051 0.049 0.048 0.047 0.046 0.045 0.043 0.043 0.042 0.041
1766 0.084 0.055 0.054 0.052 0.052 0.050 0.049 0.047 0.047 0.046 0.044
1767 0.082 0.054 0.052 0.051 0.050 0.049 0.048 0.046 0.046 0.045 0.043
1768 0.078 0.051 0.050 0.049 0.048 0.047 0.045 0.044 0.043 0.042 0.041
1769 0.081 0.053 0.052 0.050 0.050 0.049 0.047 0.046 0.045 0.044 0.043
1770 0.087 0.057 0.055 0.054 0.053 0.052 0.051 0.049 0.048 0.047 0.046
1771 0.083 0.054 0.053 0.052 0.051 0.050 0.048 0.047 0.046 0.045 0.044
1772 0.095 0.062 0.061 0.059 0.058 0.057 0.055 0.054 0.053 0.052 0.050
1773 0.088 0.058 0.056 0.055 0.054 0.053 0.051 0.050 0.049 0.048 0.047
1774 0.084 0.055 0.054 0.052 0.052 0.050 0.049 0.047 0.047 0.046 0.044
1775 0.080 0.052 0.051 0.050 0.049 0.048 0.046 0.045 0.044 0.043 0.042
1776 0.091 0.060 0.058 0.057 0.056 0.055 0.053 0.051 0.051 0.049 0.048
1777 0.111 0.073 0.071 0.069 0.068 0.067 0.064 0.063 0.062 0.060 0.059
1778 0.144 0.094 0.092 0.090 0.088 0.086 0.084 0.081 0.080 0.078 0.076
1779 0.127 0.083 0.081 0.079 0.078 0.076 0.074 0.072 0.071 0.069 0.067
1780 0.143 0.094 0.091 0.089 0.088 0.086 0.083 0.081 0.079 0.078 0.076
1781 0.115 0.075 0.073 0.072 0.071 0.069 0.067 0.065 0.064 0.063 0.061
1782 0.127 0.083 0.081 0.079 0.078 0.076 0.074 0.072 0.071 0.069 0.067
1783 0.111 0.073 0.071 0.069 0.068 0.067 0.064 0.063 0.062 0.060 0.059
1784 0.107 0.070 0.068 0.067 0.066 0.064 0.062 0.060 0.059 0.058 0.057
1785 0.101 0.066 0.064 0.063 0.062 0.061 0.059 0.057 0.056 0.055 0.053
1786 0.099 0.065 0.063 0.062 0.061 0.059 0.057 0.056 0.055 0.054 0.052
1787 0.097 0.064 0.062 0.060 0.060 0.058 0.056 0.055 0.054 0.053 0.051
1788 0.093 0.061 0.059 0.058 0.057 0.056 0.054 0.053 0.052 0.051 0.049
1789 0.092 0.060 0.059 0.057 0.056 0.055 0.053 0.052 0.051 0.050 0.049
1790 0.095 0.062 0.061 0.059 0.058 0.057 0.055 0.054 0.053 0.052 0.050
1791 0.098 0.064 0.062 0.061 0.060 0.059 0.057 0.055 0.054 0.053 0.052
1792 0.100 0.066 0.064 0.062 0.061 0.060 0.058 0.056 0.056 0.054 0.053
1793 0.103 0.068 0.066 0.064 0.063 0.062 0.060 0.058 0.057 0.056 0.055
1794 0.114 0.075 0.073 0.071 0.070 0.068 0.066 0.064 0.063 0.062 0.060
1795 0.131 0.086 0.083 0.082 0.080 0.079 0.076 0.074 0.073 0.071 0.069
1796 0.138 0.091 0.088 0.086 0.085 0.083 0.080 0.078 0.077 0.075 0.073
1797 0.133 0.087 0.085 0.083 0.082 0.080 0.077 0.075 0.074 0.072 0.070
1798 0.128 0.084 0.082 0.080 0.079 0.077 0.074 0.072 0.071 0.070 0.068
1799 0.128 0.084 0.082 0.080 0.079 0.077 0.074 0.072 0.071 0.070 0.068
1800 0.131 0.086 0.083 0.082 0.080 0.079 0.076 0.074 0.073 0.071 0.069
1801 0.133 0.087 0.085 0.083 0.082 0.080 0.077 0.075 0.074 0.072 0.070
1802 0.112 0.073 0.071 0.070 0.069 0.067 0.065 0.063 0.062 0.061 0.059
1803 0.118 0.077 0.075 0.074 0.072 0.071 0.069 0.067 0.066 0.064 0.062
1804 0.123 0.081 0.078 0.077 0.075 0.074 0.071 0.069 0.068 0.067 0.065
1805 0.122 0.080 0.078 0.076 0.075 0.073 0.071 0.069 0.068 0.066 0.065
1806 0.127 0.083 0.081 0.079 0.078 0.076 0.074 0.072 0.071 0.069 0.067
1807 0.120 0.079 0.076 0.075 0.074 0.072 0.070 0.068 0.067 0.065 0.064
1808 0.131 0.086 0.083 0.082 0.080 0.079 0.076 0.074 0.073 0.071 0.069
1809 0.128 0.084 0.082 0.080 0.079 0.077 0.074 0.072 0.071 0.070 0.068
1810 0.128 0.084 0.082 0.080 0.079 0.077 0.074 0.072 0.071 0.070 0.068
1811 0.137 0.090 0.087 0.085 0.084 0.082 0.080 0.077 0.076 0.074 0.073
1812 0.139 0.091 0.089 0.087 0.085 0.083 0.081 0.078 0.077 0.076 0.074
1813 0.166 0.109 0.106 0.103 0.102 0.100 0.096 0.094 0.092 0.090 0.088
1814 0.183 0.120 0.117 0.114 0.112 0.110 0.106 0.103 0.102 0.099 0.097
1815 0.160 0.105 0.102 0.100 0.098 0.096 0.093 0.090 0.089 0.087 0.085
1816 0.146 0.096 0.093 0.091 0.090 0.088 0.085 0.082 0.081 0.079 0.077
1817 0.139 0.091 0.089 0.087 0.085 0.083 0.081 0.078 0.077 0.076 0.074
1818 0.133 0.087 0.085 0.083 0.082 0.080 0.077 0.075 0.074 0.072 0.070
1819 0.133 0.087 0.085 0.083 0.082 0.080 0.077 0.075 0.074 0.072 0.070
1820 0.122 0.080 0.078 0.076 0.075 0.073 0.071 0.069 0.068 0.066 0.065
1821 0.118 0.077 0.075 0.074 0.072 0.071 0.069 0.067 0.066 0.064 0.062
1822 0.122 0.080 0.078 0.076 0.075 0.073 0.071 0.069 0.068 0.066 0.065
1823 0.109 0.072 0.069 0.068 0.067 0.065 0.063 0.062 0.061 0.059 0.058
1824 0.101 0.066 0.064 0.063 0.062 0.061 0.059 0.057 0.056 0.055 0.053
1825 0.103 0.068 0.066 0.064 0.063 0.062 0.060 0.058 0.057 0.056 0.055
1826 0.103 0.068 0.066 0.064 0.063 0.062 0.060 0.058 0.057 0.056 0.055
1827 0.104 0.068 0.066 0.065 0.064 0.062 0.060 0.059 0.058 0.057 0.055
1828 0.099 0.065 0.063 0.062 0.061 0.059 0.057 0.056 0.055 0.054 0.052
1829 0.097 0.064 0.062 0.060 0.060 0.058 0.056 0.055 0.054 0.053 0.051
1830 0.096 0.063 0.061 0.060 0.059 0.058 0.056 0.054 0.053 0.052 0.051
1831 0.090 0.059 0.057 0.056 0.055 0.054 0.052 0.051 0.050 0.049 0.048
1832 0.089 0.058 0.057 0.055 0.055 0.053 0.052 0.050 0.049 0.048 0.047
1833 0.088 0.058 0.056 0.055 0.054 0.053 0.051 0.050 0.049 0.048 0.047
1834 0.089 0.058 0.057 0.055 0.055 0.053 0.052 0.050 0.049 0.048 0.047
1835 0.092 0.060 0.059 0.057 0.056 0.055 0.053 0.052 0.051 0.050 0.049
1836 0.097 0.064 0.062 0.060 0.060 0.058 0.056 0.055 0.054 0.053 0.051
1837 0.100 0.066 0.064 0.062 0.061 0.060 0.058 0.056 0.056 0.054 0.053
1838 0.097 0.064 0.062 0.060 0.060 0.058 0.056 0.055 0.054 0.053 0.051
1839 0.097 0.064 0.062 0.060 0.060 0.058 0.056 0.055 0.054 0.053 0.051
1840 0.090 0.059 0.057 0.056 0.055 0.054 0.052 0.051 0.050 0.049 0.048
1841 0.091 0.060 0.058 0.057 0.056 0.055 0.053 0.051 0.051 0.049 0.048
1842 0.085 0.056 0.054 0.053 0.052 0.051 0.049 0.048 0.047 0.046 0.045
1843 0.077 0.051 0.049 0.048 0.047 0.046 0.045 0.043 0.043 0.042 0.041
1844 0.078 0.051 0.050 0.049 0.048 0.047 0.045 0.044 0.043 0.042 0.041
1845 0.079 0.052 0.050 0.049 0.048 0.047 0.046 0.045 0.044 0.043 0.042
1846 0.080 0.052 0.051 0.050 0.049 0.048 0.046 0.045 0.044 0.043 0.042
1847 0.086 0.056 0.055 0.054 0.053 0.052 0.050 0.049 0.048 0.047 0.046
1848 0.082 0.054 0.052 0.051 0.050 0.049 0.048 0.046 0.046 0.045 0.043
1849 0.080 0.052 0.051 0.050 0.049 0.048 0.046 0.045 0.044 0.043 0.042
1850 0.081 0.053 0.052 0.050 0.050 0.049 0.047 0.046 0.045 0.044 0.043
1851 0.080 0.052 0.051 0.050 0.049 0.048 0.046 0.045 0.044 0.043 0.042
1852 0.081 0.053 0.052 0.050 0.050 0.049 0.047 0.046 0.045 0.044 0.043
1853 0.081 0.053 0.052 0.050 0.050 0.049 0.047 0.046 0.045 0.044 0.043
1854 0.088 0.058 0.056 0.055 0.054 0.053 0.051 0.050 0.049 0.048 0.047
1855 0.090 0.059 0.057 0.056 0.055 0.054 0.052 0.051 0.050 0.049 0.048
1856 0.088 0.058 0.056 0.055 0.054 0.053 0.051 0.050 0.049 0.048 0.047
1857 0.091 0.060 0.058 0.057 0.056 0.055 0.053 0.051 0.051 0.049 0.048
1858 0.086 0.056 0.055 0.054 0.053 0.052 0.050 0.049 0.048 0.047 0.046
1859 0.087 0.057 0.055 0.054 0.053 0.052 0.051 0.049 0.048 0.047 0.046
1860 0.087 0.057 0.055 0.054 0.053 0.052 0.051 0.049 0.048 0.047 0.046
1861 0.092 0.060 0.059 0.057 0.056 0.055 0.053 0.052 0.051 0.050 0.049
1862 0.105 0.069 0.067 0.065 0.064 0.063 0.061 0.059 0.058 0.057 0.056
1863 0.131 0.086 0.083 0.082 0.080 0.079 0.076 0.074 0.073 0.071 0.069
1864 0.164 0.108 0.105 0.102 0.101 0.098 0.095 0.093 0.091 0.089 0.087
1865 0.170 0.112 0.108 0.106 0.104 0.102 0.099 0.096 0.094 0.092 0.090
1866 0.166 0.109 0.106 0.103 0.102 0.100 0.096 0.094 0.092 0.090 0.088
1867 0.154 0.101 0.098 0.096 0.094 0.092 0.089 0.087 0.086 0.084 0.082
1868 0.148 0.097 0.094 0.092 0.091 0.089 0.086 0.084 0.082 0.080 0.078
1869 0.142 0.093 0.091 0.088 0.087 0.085 0.082 0.080 0.079 0.077 0.075
1870 0.136 0.089 0.087 0.085 0.083 0.082 0.079 0.077 0.076 0.074 0.072
1871 0.127 0.083 0.081 0.079 0.078 0.076 0.074 0.072 0.071 0.069 0.067
1872 0.127 0.083 0.081 0.079 0.078 0.076 0.074 0.072 0.071 0.069 0.067
1873 0.125 0.082 0.080 0.078 0.077 0.075 0.073 0.071 0.069 0.068 0.066
1874 0.119 0.078 0.076 0.074 0.073 0.071 0.069 0.067 0.066 0.065 0.063
1875 0.114 0.075 0.073 0.071 0.070 0.068 0.066 0.064 0.063 0.062 0.060
1876 0.112 0.073 0.071 0.070 0.069 0.067 0.065 0.063 0.062 0.061 0.059
1877 0.109 0.072 0.069 0.068 0.067 0.065 0.063 0.062 0.061 0.059 0.058
1878 0.104 0.068 0.066 0.065 0.064 0.062 0.060 0.059 0.058 0.057 0.055
1879 0.104 0.068 0.066 0.065 0.064 0.062 0.060 0.059 0.058 0.057 0.055
1880 0.107 0.070 0.068 0.067 0.066 0.064 0.062 0.060 0.059 0.058 0.057
1881 0.107 0.070 0.068 0.067 0.066 0.064 0.062 0.060 0.059 0.058 0.057
1882 0.107 0.070 0.068 0.067 0.066 0.064 0.062 0.060 0.059 0.058 0.057
1883 0.105 0.069 0.067 0.065 0.064 0.063 0.061 0.059 0.058 0.057 0.056
1884 0.102 0.067 0.065 0.064 0.063 0.061 0.059 0.058 0.057 0.055 0.054
1885 0.101 0.066 0.064 0.063 0.062 0.061 0.059 0.057 0.056 0.055 0.053
1886 0.098 0.064 0.062 0.061 0.060 0.059 0.057 0.055 0.054 0.053 0.052
1887 0.099 0.065 0.063 0.062 0.061 0.059 0.057 0.056 0.055 0.054 0.052
1888 0.099 0.065 0.063 0.062 0.061 0.059 0.057 0.056 0.055 0.054 0.052
1889 0.096 0.063 0.061 0.060 0.059 0.058 0.056 0.054 0.053 0.052 0.051
1890 0.094 0.062 0.060 0.059 0.058 0.056 0.055 0.053 0.052 0.051 0.050
1891 0.094 0.062 0.060 0.059 0.058 0.056 0.055 0.053 0.052 0.051 0.050
1892 0.094 0.062 0.060 0.059 0.058 0.056 0.055 0.053 0.052 0.051 0.050
1893 0.094 0.062 0.060 0.059 0.058 0.056 0.055 0.053 0.052 0.051 0.050
1894 0.089 0.058 0.057 0.055 0.055 0.053 0.052 0.050 0.049 0.048 0.047
1895 0.088 0.058 0.056 0.055 0.054 0.053 0.051 0.050 0.049 0.048 0.047
1896 0.088 0.058 0.056 0.055 0.054 0.053 0.051 0.050 0.049 0.048 0.047
1897 0.087 0.057 0.055 0.054 0.053 0.052 0.051 0.049 0.048 0.047 0.046
1898 0.087 0.057 0.055 0.054 0.053 0.052 0.051 0.049 0.048 0.047 0.046
1899 0.087 0.057 0.055 0.054 0.053 0.052 0.051 0.049 0.048 0.047 0.046
1900 0.088 0.058 0.056 0.055 0.054 0.053 0.051 0.050 0.049 0.048 0.047
1901 0.088 0.058 0.056 0.055 0.054 0.053 0.051 0.050 0.049 0.048 0.047
1902 0.089 0.058 0.057 0.055 0.055 0.053 0.052 0.050 0.049 0.048 0.047
1903 0.092 0.060 0.059 0.057 0.056 0.055 0.053 0.052 0.051 0.050 0.049
1904 0.093 0.061 0.059 0.058 0.057 0.056 0.054 0.053 0.052 0.051 0.049
1905 0.092 0.060 0.059 0.057 0.056 0.055 0.053 0.052 0.051 0.050 0.049
1906 0.094 0.062 0.060 0.059 0.058 0.056 0.055 0.053 0.052 0.051 0.050
1907 0.098 0.064 0.062 0.061 0.060 0.059 0.057 0.055 0.054 0.053 0.052
1908 0.096 0.063 0.061 0.060 0.059 0.058 0.056 0.054 0.053 0.052 0.051
1909 0.094 0.062 0.060 0.059 0.058 0.056 0.055 0.053 0.052 0.051 0.050
1910 0.099 0.065 0.063 0.062 0.061 0.059 0.057 0.056 0.055 0.054 0.052
1911 0.099 0.065 0.063 0.062 0.061 0.059 0.057 0.056 0.055 0.054 0.052
1912 0.101 0.066 0.064 0.063 0.062 0.061 0.059 0.057 0.056 0.055 0.053
1913 0.099 0.065 0.063 0.062 0.061 0.059 0.057 0.056 0.055 0.054 0.052
